[Player]
537
595
-2
30
[Unit]
550
320
0
5
[Unit]
-3697
498
0
14
[Unit]
21412
595
267
11
[Unit]
21232
595
-124657869
11
[Unit]
21062
595
-443850911
11
[Unit]
-3587
484
0
14
[Unit]
20892
595
0
11
[Unit]
20692
595
0
11
[Unit]
18322
595
418561817
11
[Unit]
20102
595
32768
11
[Unit]
7476
14723
0
11
[Unit]
-2989
511
524816
14
[Unit]
17822
595
460049
11
[Unit]
14204
9215
6
11
[Unit]
17382
595
1073808157
11
[Unit]
17052
595
-2147462656
11
[Unit]
-2767
481
-2147483392
14
[Unit]
-2025
522
-2147440896
14
[Unit]
-1919
508
521
14
[Unit]
501
180
4
3
[Unit]
1819
464
260
14
[Unit]
-711
520
3
14
[Unit]
268
461
5
2
[Unit]
301
517
4
2
[Unit]
745
190
6
3
[Unit]
949
310
6
4
[Unit]
1003
362
6
1
[Unit]
840
418
5
2
[Unit]
397
496
0
14
[Unit]
251
474
6
1
[Unit]
131
488
6
1
[Unit]
429
525
0
14
[Unit]
1021
374
5
2
[Unit]
307
517
391580357
14
